{
  "advancedEditorSelectedIdentifier" : "ProjectBrowser",
  "openSceneRelativePaths" : [
    "Immersive.usda",
    "BlackTreeScene.usda"
  ],
  "recentIdentifiers" : {

  },
  "sceneCameraHistory" : {
    "960AB9AA-4FE1-4FB8-99CC-3082F59221CB" : [
      {
        "date" : 755978550.514455,
        "title" : "Untitled",
        "transform" : [
          0.67778593,
          -1.3189867e-08,
          0.7352594,
          0,
          0.18909156,
          0.96636444,
          -0.17431076,
          0,
          -0.71052855,
          0.2571766,
          0.65498817,
          0,
          -0.12376143,
          0.12363455,
          0.11597717,
          1
        ]
      },
      {
        "date" : 755978538.187161,
        "title" : "Untitled",
        "transform" : [
          0.98072845,
          -1.6726403e-08,
          0.1953764,
          0,
          0.11684619,
          0.8014536,
          -0.5865315,
          0,
          -0.15658508,
          0.598057,
          0.78600824,
          0,
          -0.030323438,
          0.16113813,
          0.15221421,
          1
        ]
      },
      {
        "date" : 755978534.748029,
        "title" : "Untitled",
        "transform" : [
          0.9787783,
          -1.838454e-08,
          0.20492223,
          0,
          0.073754676,
          0.9329849,
          -0.3522776,
          0,
          -0.1911893,
          0.35991558,
          0.9131853,
          0,
          -0.03952787,
          0.11334376,
          0.18879862,
          1
        ]
      },
      {
        "date" : 755978530.182551,
        "title" : "Untitled",
        "transform" : [
          0.87254137,
          -1.9679193e-08,
          0.48854035,
          0,
          0.17018038,
          0.93736655,
          -0.3039451,
          0,
          -0.4579413,
          0.34834462,
          0.817891,
          0,
          -0.09491346,
          0.11094852,
          0.16951707,
          1
        ]
      },
      {
        "date" : 755978527.683569,
        "title" : "Untitled",
        "transform" : [
          0.9943896,
          -8.178818e-09,
          0.10578208,
          0,
          0.004925847,
          0.99891526,
          -0.046305053,
          0,
          -0.10566727,
          0.04656628,
          0.9933107,
          0,
          -0.016515762,
          0.04364088,
          0.15525407,
          1
        ]
      },
      {
        "date" : 755977812.106942,
        "title" : "Untitled",
        "transform" : [
          0.9752375,
          -1.0158035e-08,
          -0.22116043,
          0,
          -0.11433527,
          0.85599816,
          -0.5041771,
          0,
          0.18931295,
          0.51697886,
          0.83480155,
          0,
          0.0510407,
          0.18181646,
          0.22507103,
          1
        ]
      }
    ]
  },
  "sceneViewportBackgroundColors" : {

  },
  "selectedSceneRelativePath" : "BlackTreeScene.usda"
}