{
  "advancedEditorSelectedIdentifier" : "ProjectBrowser",
  "openSceneRelativePaths" : [
    "ChristmasTreeScene.usda"
  ],
  "recentIdentifiers" : {
    "2E24BF2C-1693-4F67-8A3B-BE45AB17DDA8" : [

    ],
    "70A6A01F-A645-48E3-90EA-A608D5D155B2" : [

    ]
  },
  "sceneCameraHistory" : {
    "2E24BF2C-1693-4F67-8A3B-BE45AB17DDA8" : [
      {
        "date" : 756068166.258934,
        "title" : "Untitled",
        "transform" : [
          0.9429878,
          -3.66508e-08,
          0.33282703,
          0,
          0.11596073,
          0.9373418,
          -0.32854766,
          0,
          -0.3119724,
          0.3484112,
          0.88390213,
          0,
          -0.048246298,
          0.1050594,
          0.11765947,
          1
        ]
      },
      {
        "date" : 756068164.169367,
        "title" : "Untitled",
        "transform" : [
          0.9905464,
          -4.11721e-08,
          -0.13717674,
          0,
          -0.07233495,
          0.84967154,
          -0.52232724,
          0,
          0.11655554,
          0.5273121,
          0.8416394,
          0,
          0.00794448,
          0.12815227,
          0.10355104,
          1
        ]
      },
      {
        "date" : 756067924.179457,
        "title" : "Untitled",
        "transform" : [
          -0.9575046,
          -3.460777e-08,
          -0.28841788,
          0,
          -0.043052908,
          0.98879606,
          0.1429292,
          0,
          0.2851862,
          0.14927249,
          -0.946777,
          0,
          0.0481223,
          0.07685262,
          -0.1377928,
          1
        ]
      },
      {
        "date" : 756067913.964277,
        "title" : "Untitled",
        "transform" : [
          -0.99960554,
          -3.4864858e-08,
          0.028082794,
          0,
          0.0020876778,
          0.99723285,
          0.074311584,
          0,
          -0.028005362,
          0.07434079,
          -0.9968396,
          0,
          0.0014577789,
          0.07850472,
          -0.19409305,
          1
        ]
      },
      {
        "date" : 756067153.437891,
        "title" : "Untitled",
        "transform" : [
          -0.95373905,
          -3.4825522e-08,
          -0.30063552,
          0,
          -0.018064024,
          0.9981931,
          0.057306405,
          0,
          0.30009207,
          0.060085922,
          -0.95201594,
          0,
          0.09629865,
          0.11178355,
          -0.27157995,
          1
        ]
      },
      {
        "date" : 756067136.004345,
        "title" : "Untitled",
        "transform" : [
          -0.9203872,
          -3.5406988e-08,
          -0.39100814,
          0,
          0.024846854,
          0.99797887,
          -0.058486637,
          0,
          0.39021763,
          -0.06354579,
          -0.9185271,
          0,
          0.114453636,
          0.077306,
          -0.24333113,
          1
        ]
      },
      {
        "date" : 756066916.202394,
        "title" : "Untitled",
        "transform" : [
          -0.85749674,
          -5.284439e-08,
          -0.5144894,
          0,
          -0.12786004,
          0.96862715,
          0.21310359,
          0,
          0.49834824,
          0.24851818,
          -0.83059484,
          0,
          0.19344941,
          0.17666139,
          -0.33439013,
          1
        ]
      },
      {
        "date" : 756066757.586166,
        "title" : "Untitled",
        "transform" : [
          -0.85749674,
          -5.284439e-08,
          -0.5144894,
          0,
          -0.12786004,
          0.96862715,
          0.21310359,
          0,
          0.49834824,
          0.24851818,
          -0.83059484,
          0,
          0.18945917,
          0.2746116,
          -0.30747694,
          1
        ]
      },
      {
        "date" : 756066729.766092,
        "title" : "Untitled",
        "transform" : [
          -0.85749674,
          -5.284439e-08,
          -0.5144894,
          0,
          -0.12786004,
          0.96862715,
          0.21310359,
          0,
          0.49834824,
          0.24851818,
          -0.83059484,
          0,
          0.18948236,
          0.24734703,
          -0.31562072,
          1
        ]
      },
      {
        "date" : 756066726.486914,
        "title" : "Untitled",
        "transform" : [
          -0.84227747,
          -5.0282097e-08,
          -0.5390443,
          0,
          -0.2669345,
          0.86877924,
          0.41709533,
          0,
          0.46831033,
          0.4951994,
          -0.7317533,
          0,
          0.19100429,
          0.31205514,
          -0.339226,
          1
        ]
      }
    ],
    "960AB9AA-4FE1-4FB8-99CC-3082F59221CB" : [
      {
        "date" : 755978550.514455,
        "title" : "Untitled",
        "transform" : [
          0.67778593,
          -1.3189867e-08,
          0.7352594,
          0,
          0.18909156,
          0.96636444,
          -0.17431076,
          0,
          -0.71052855,
          0.2571766,
          0.65498817,
          0,
          -0.12376143,
          0.12363455,
          0.11597717,
          1
        ]
      },
      {
        "date" : 755978538.187161,
        "title" : "Untitled",
        "transform" : [
          0.98072845,
          -1.6726403e-08,
          0.1953764,
          0,
          0.11684619,
          0.8014536,
          -0.5865315,
          0,
          -0.15658508,
          0.598057,
          0.78600824,
          0,
          -0.030323438,
          0.16113813,
          0.15221421,
          1
        ]
      },
      {
        "date" : 755978534.748029,
        "title" : "Untitled",
        "transform" : [
          0.9787783,
          -1.838454e-08,
          0.20492223,
          0,
          0.073754676,
          0.9329849,
          -0.3522776,
          0,
          -0.1911893,
          0.35991558,
          0.9131853,
          0,
          -0.03952787,
          0.11334376,
          0.18879862,
          1
        ]
      },
      {
        "date" : 755978530.182551,
        "title" : "Untitled",
        "transform" : [
          0.87254137,
          -1.9679193e-08,
          0.48854035,
          0,
          0.17018038,
          0.93736655,
          -0.3039451,
          0,
          -0.4579413,
          0.34834462,
          0.817891,
          0,
          -0.09491346,
          0.11094852,
          0.16951707,
          1
        ]
      },
      {
        "date" : 755978527.683569,
        "title" : "Untitled",
        "transform" : [
          0.9943896,
          -8.178818e-09,
          0.10578208,
          0,
          0.004925847,
          0.99891526,
          -0.046305053,
          0,
          -0.10566727,
          0.04656628,
          0.9933107,
          0,
          -0.016515762,
          0.04364088,
          0.15525407,
          1
        ]
      },
      {
        "date" : 755977812.106942,
        "title" : "Untitled",
        "transform" : [
          0.9752375,
          -1.0158035e-08,
          -0.22116043,
          0,
          -0.11433527,
          0.85599816,
          -0.5041771,
          0,
          0.18931295,
          0.51697886,
          0.83480155,
          0,
          0.0510407,
          0.18181646,
          0.22507103,
          1
        ]
      }
    ]
  },
  "sceneViewportBackgroundColors" : {

  },
  "selectedSceneRelativePath" : "ChristmasTreeScene.usda"
}